; This is a test configuration file
[test1]
zero=0
one=1.1
two=22.22
three=333.333
four=4444.4444
five=55555.55555
six=666666.666666
seven=7777777.7777777
eight=88888888.88888888
nine=999999999.9999999999
ten=0000000000.00000000000
[test2]
zero=0
one=1
two=2
three=3
four=4
five=5
six=6
seven=7
eight=8
nine=9
ten=10
[test3]
zero=0.0
one=1.1
two=2.2
three=3.3
four=4.4
five=5.5
six=6.6
seven=7.7
eight=8.8
nine=9.9
ten=10.01
